1,1,1,101,3,3,<NA>
1,1,2,102,3,3,<NA>
1,1,3,103,3,2,<NA>
1,1,4,104,3,3,<NA>
1,1,5,105,3,2,<NA>
1,2,1,106,1,2,<NA>
1,2,2,107,1,1,<NA>
1,2,3,108,1,1,<NA>
1,2,4,109,1,1,<NA>
1,2,5,110,1,1,<NA>
1,3,1,111,1,2,<NA>
1,3,2,112,2,2,<NA>
1,3,3,113,1,2,<NA>
1,3,4,114,1,3,<NA>
1,3,5,115,1,1,<NA>
1,4,1,116,4,1,<NA>
1,4,2,117,4,3,<NA>
1,4,3,118,4,1,<NA>
1,4,4,119,3,2,<NA>
1,4,5,120,3,2,<NA>
1,5,1,121,4,3,<NA>
1,5,2,122,4,2,<NA>
1,5,3,123,4,2,<NA>
1,5,4,124,4,2,<NA>
1,5,5,125,2,3,<NA>
1,6,1,126,4,3,<NA>
1,6,2,127,4,2,<NA>
1,6,3,128,4,3,<NA>
1,6,4,129,4,3,<NA>
1,6,5,130,3,2,<NA>
1,7,1,131,4,1,<NA>
1,7,2,132,4,1,<NA>
1,7,3,133,4,1,<NA>
1,7,4,134,4,1,<NA>
1,7,5,135,4,1,<NA>
1,8,1,136,3,1,<NA>
1,8,2,137,2,1,<NA>
1,8,3,138,1,1,<NA>
1,8,4,139,1,1,<NA>
1,8,5,140,2,1,<NA>
1,9,1,141,2,3,<NA>
1,9,2,142,1,3,<NA>
1,9,3,143,1,3,<NA>
1,9,4,144,1,2,<NA>
1,9,5,145,2,2,<NA>
1,10,1,146,2,2,<NA>
1,10,2,147,1,3,<NA>
1,10,3,148,1,3,<NA>
1,10,4,149,3,2,<NA>
1,10,5,150,1,2,<NA>
2,1,1,102,4,4,<NA>
2,1,2,101,3,4,<NA>
2,1,3,103,4,3,<NA>
2,1,4,105,4,4,<NA>
2,1,5,104,4,4,<NA>
2,2,1,106,4,2,<NA>
2,2,2,151,4,1,<NA>
2,2,3,152,2,1,<NA>
2,2,4,153,4,1,<NA>
2,2,5,108,4,2,<NA>
2,3,1,112,4,3,<NA>
2,3,2,111,4,2,<NA>
2,3,3,113,4,3,<NA>
2,3,4,115,4,2,<NA>
2,3,5,154,4,2,<NA>
2,4,1,116,4,1,<NA>
2,4,2,117,4,4,<NA>
2,4,3,118,4,1,<NA>
2,4,4,155,4,1,<NA>
2,4,5,119,4,2,<NA>
2,5,1,122,4,2,<NA>
2,5,2,121,4,2,<NA>
2,5,3,124,4,2,<NA>
2,5,4,156,4,1,<NA>
2,5,5,125,3,4,<NA>
2,6,1,126,4,1,<NA>
2,6,2,127,4,1,<NA>
2,6,3,157,4,4,<NA>
2,6,4,128,4,1,<NA>
2,6,5,129,4,3,<NA>
2,7,1,132,4,2,<NA>
2,7,2,131,4,2,<NA>
2,7,3,158,4,1,<NA>
2,7,4,134,4,2,<NA>
2,7,5,133,4,1,<NA>
2,8,1,136,4,1,<NA>
2,8,2,137,4,1,<NA>
2,8,3,159,4,1,<NA>
2,8,4,160,4,1,<NA>
2,8,5,139,4,1,<NA>
2,9,1,141,4,3,<NA>
2,9,2,161,4,1,<NA>
2,9,3,142,3,3,<NA>
2,9,4,162,4,4,<NA>
2,9,5,163,3,4,<NA>
2,10,1,146,4,1,<NA>
2,10,2,147,4,4,<NA>
2,10,3,148,4,3,<NA>
2,10,4,149,4,3,<NA>
2,10,5,164,3,2,<NA>
3,1,1,101,4,2,<NA>
3,1,2,102,4,4,<NA>
3,1,3,165,4,3,<NA>
3,1,4,103,4,3,<NA>
3,1,5,166,4,1,<NA>
3,2,1,106,4,1,<NA>
3,2,2,108,2,2,<NA>
3,2,3,110,1,4,<NA>
3,2,4,109,2,1,<NA>
3,2,5,167,4,1,<NA>
3,3,1,112,2,3,<NA>
3,3,2,111,2,3,<NA>
3,3,3,168,2,3,<NA>
3,3,4,169,2,4,<NA>
3,3,5,170,2,4,<NA>
3,4,1,117,4,1,<NA>
3,4,2,116,4,1,<NA>
3,4,3,171,4,1,<NA>
3,4,4,120,4,2,<NA>
3,4,5,172,4,1,<NA>
3,5,1,121,4,1,<NA>
3,5,2,122,4,1,<NA>
3,5,3,123,4,2,<NA>
3,5,4,173,4,2,<NA>
3,5,5,174,4,2,<NA>
3,6,1,127,4,1,<NA>
3,6,2,175,1,4,<NA>
3,6,3,176,2,4,<NA>
3,6,4,128,4,2,<NA>
3,6,5,177,1,3,<NA>
3,7,1,131,4,1,<NA>
3,7,2,178,4,1,<NA>
3,7,3,179,4,2,<NA>
3,7,4,180,4,1,<NA>
3,7,5,132,4,1,<NA>
3,8,1,136,2,2,<NA>
3,8,2,181,4,2,<NA>
3,8,3,137,4,1,<NA>
3,8,4,139,4,1,<NA>
3,8,5,182,1,2,<NA>
3,9,1,141,3,3,<NA>
3,9,2,183,2,3,<NA>
3,9,3,145,1,4,<NA>
3,9,4,184,1,4,<NA>
3,9,5,142,1,4,<NA>
3,10,1,185,4,3,<NA>
3,10,2,186,4,3,<NA>
3,10,3,146,4,2,<NA>
3,10,4,187,4,4,<NA>
3,10,5,188,1,4,<NA>
4,1,1,101,2,3,<NA>
4,1,2,102,3,3,<NA>
4,1,3,165,4,2,<NA>
4,1,4,103,4,2,<NA>
4,1,5,166,4,1,<NA>
4,2,1,151,4,1,<NA>
4,2,2,153,3,1,<NA>
4,2,3,189,4,1,<NA>
4,2,4,106,2,3,<NA>
4,2,5,108,1,3,<NA>
4,3,1,112,4,2,<NA>
4,3,2,111,3,1,<NA>
4,3,3,168,3,2,<NA>
4,3,4,115,2,2,<NA>
4,3,5,113,3,2,<NA>
4,4,1,117,4,4,<NA>
4,4,2,116,4,1,<NA>
4,4,3,190,3,2,<NA>
4,4,4,171,4,2,<NA>
4,4,5,120,2,2,<NA>
4,5,1,191,3,2,<NA>
4,5,2,121,2,3,<NA>
4,5,3,192,4,4,<NA>
4,5,4,122,4,2,<NA>
4,5,5,123,4,2,<NA>
4,6,1,127,4,1,<NA>
4,6,2,175,2,4,<NA>
4,6,3,176,3,2,<NA>
4,6,4,128,4,2,<NA>
4,6,5,177,2,3,<NA>
4,7,1,131,4,3,<NA>
4,7,2,178,4,3,<NA>
4,7,3,179,4,3,<NA>
4,7,4,180,4,2,<NA>
4,7,5,132,3,2,<NA>
4,8,1,136,3,1,<NA>
4,8,2,181,3,1,<NA>
4,8,3,137,4,1,<NA>
4,8,4,139,4,1,<NA>
4,8,5,182,1,3,<NA>
4,9,1,141,4,3,<NA>
4,9,2,183,2,2,<NA>
4,9,3,145,2,4,<NA>
4,9,4,193,2,2,<NA>
4,9,5,142,2,3,<NA>
4,10,1,185,4,3,<NA>
4,10,2,186,4,2,<NA>
4,10,3,146,1,1,<NA>
4,10,4,187,4,1,<NA>
4,10,5,194,1,4,<NA>
5,1,1,101,4,4,<NA>
5,1,2,102,4,4,<NA>
5,1,3,195,4,4,<NA>
5,1,4,103,4,3,<NA>
5,1,5,104,2,3,<NA>
5,2,1,106,2,3,<NA>
5,2,2,151,1,1,<NA>
5,2,3,152,1,1,<NA>
5,2,4,189,2,1,<NA>
5,2,5,167,4,1,<NA>
5,3,1,112,2,2,<NA>
5,3,2,111,3,2,<NA>
5,3,3,168,2,2,<NA>
5,3,4,113,2,1,<NA>
5,3,5,115,1,1,<NA>
5,4,1,116,4,1,<NA>
5,4,2,117,4,4,<NA>
5,4,3,196,4,1,<NA>
5,4,4,197,4,1,<NA>
5,4,5,118,4,1,<NA>
5,5,1,122,4,2,<NA>
5,5,2,123,4,2,<NA>
5,5,3,121,3,2,<NA>
5,5,4,125,4,4,<NA>
5,5,5,198,4,1,<NA>
5,6,1,126,4,3,<NA>
5,6,2,127,4,3,<NA>
5,6,3,128,4,3,<NA>
5,6,4,129,4,3,<NA>
5,6,5,175,2,3,<NA>
5,7,1,131,4,4,<NA>
5,7,2,132,4,2,<NA>
5,7,3,199,2,2,<NA>
5,7,4,200,3,2,<NA>
5,7,5,133,3,2,<NA>
5,8,1,136,4,1,<NA>
5,8,2,137,2,1,<NA>
5,8,3,201,4,1,<NA>
5,8,4,159,4,2,<NA>
5,8,5,139,4,1,<NA>
5,9,1,141,4,4,<NA>
5,9,2,183,3,3,<NA>
5,9,3,162,1,4,<NA>
5,9,4,142,2,3,<NA>
5,9,5,202,2,3,<NA>
5,10,1,146,4,2,<NA>
5,10,2,148,4,4,<NA>
5,10,3,147,4,4,<NA>
5,10,4,149,4,3,<NA>
5,10,5,185,4,3,<NA>
6,1,1,102,3,3,<NA>
6,1,2,101,3,3,<NA>
6,1,3,203,1,2,<NA>
6,1,4,103,2,2,<NA>
6,1,5,104,1,4,<NA>
6,2,1,106,4,1,<NA>
6,2,2,151,3,1,<NA>
6,2,3,152,3,1,<NA>
6,2,4,189,2,2,<NA>
6,2,5,167,4,1,<NA>
6,3,1,112,3,2,<NA>
6,3,2,111,3,2,<NA>
6,3,3,168,2,2,<NA>
6,3,4,113,2,3,<NA>
6,3,5,115,2,3,<NA>
6,4,1,116,4,1,<NA>
6,4,2,117,4,4,<NA>
6,4,3,118,4,1,<NA>
6,4,4,196,4,1,<NA>
6,4,5,197,3,1,<NA>
6,5,1,122,4,1,<NA>
6,5,2,123,3,1,<NA>
6,5,3,121,4,3,<NA>
6,5,4,125,3,4,<NA>
6,5,5,173,3,3,<NA>
6,6,1,126,3,1,<NA>
6,6,2,127,3,1,<NA>
6,6,3,128,4,1,<NA>
6,6,4,175,1,4,<NA>
6,6,5,130,4,1,<NA>
6,7,1,131,2,3,<NA>
6,7,2,158,4,3,<NA>
6,7,3,132,4,2,<NA>
6,7,4,199,4,1,<NA>
6,7,5,204,4,2,<NA>
6,8,1,136,3,2,<NA>
6,8,2,159,4,1,<NA>
6,8,3,201,4,1,<NA>
6,8,4,138,4,1,<NA>
6,8,5,137,3,1,<NA>
6,9,1,141,3,4,<NA>
6,9,2,183,4,2,<NA>
6,9,3,162,1,4,<NA>
6,9,4,205,4,2,<NA>
6,9,5,142,1,3,<NA>
6,10,1,146,4,1,<NA>
6,10,2,148,1,4,<NA>
6,10,3,147,1,4,<NA>
6,10,4,149,2,3,<NA>
6,10,5,185,3,3,<NA>
7,1,1,101,3,4,<NA>
7,1,2,102,4,4,<NA>
7,1,3,165,4,3,<NA>
7,1,4,103,4,3,<NA>
7,1,5,166,4,1,<NA>
7,2,1,151,3,1,I actually don’t completely understand the text in the video, I guess it’s in Dutch
7,2,2,153,4,1,<NA>
7,2,3,189,2,1,This is some satire/comedy not claiming to provide factual information
7,2,4,106,2,3,<NA>
7,2,5,108,2,2,<NA>
7,3,1,112,4,2,<NA>
7,3,2,111,2,3,<NA>
7,3,3,168,4,2,<NA>
7,3,4,113,3,3,<NA>
7,3,5,115,2,2,<NA>
7,4,1,117,4,4,<NA>
7,4,2,116,4,1,<NA>
7,4,3,171,4,1,<NA>
7,4,4,120,4,1,<NA>
7,4,5,119,3,2,<NA>
7,5,1,121,4,2,<NA>
7,5,2,191,4,2,<NA>
7,5,3,122,4,1,<NA>
7,5,4,174,3,2,<NA>
7,5,5,173,4,3,<NA>
7,6,1,127,4,1,<NA>
7,6,2,175,4,4,<NA>
7,6,3,176,4,1,<NA>
7,6,4,128,4,1,<NA>
7,6,5,177,4,4,<NA>
7,7,1,178,4,1,<NA>
7,7,2,179,4,2,<NA>
7,7,3,131,4,1,<NA>
7,7,4,206,4,4,<NA>
7,7,5,132,4,1,<NA>
7,8,1,136,4,1,<NA>
7,8,2,181,4,1,<NA>
7,8,3,137,4,1,<NA>
7,8,4,139,4,1,<NA>
7,8,5,182,2,1,<NA>
7,9,1,141,4,2,<NA>
7,9,2,183,4,1,<NA>
7,9,3,145,4,4,<NA>
7,9,4,207,4,4,<NA>
7,9,5,142,4,4,<NA>
7,10,1,185,4,3,<NA>
7,10,2,186,4,3,<NA>
7,10,3,146,4,1,<NA>
7,10,4,187,4,1,<NA>
7,10,5,208,3,4,<NA>
8,1,1,102,4,3,<NA>
8,1,2,101,3,4,<NA>
8,1,3,165,4,1,<NA>
8,1,4,166,4,1,<NA>
8,1,5,103,4,3,<NA>
8,2,1,151,4,1,<NA>
8,2,2,153,4,1,<NA>
8,2,3,189,4,1,<NA>
8,2,4,106,4,2,<NA>
8,2,5,110,1,2,<NA>
8,3,1,209,4,2,<NA>
8,3,2,112,3,3,<NA>
8,3,3,113,3,3,<NA>
8,3,4,168,3,3,<NA>
8,3,5,169,2,4,<NA>
8,4,1,117,4,3,<NA>
8,4,2,210,3,3,<NA>
8,4,3,211,4,1,<NA>
8,4,4,171,4,1,<NA>
8,4,5,212,4,2,<NA>
8,5,1,121,4,2,<NA>
8,5,2,192,3,3,<NA>
8,5,3,122,4,2,<NA>
8,5,4,174,4,2,<NA>
8,5,5,173,4,2,<NA>
8,6,1,127,4,1,<NA>
8,6,2,176,4,2,<NA>
8,6,3,175,4,4,<NA>
8,6,4,128,4,1,<NA>
8,6,5,177,4,4,<NA>
8,7,1,178,3,1,<NA>
8,7,2,131,3,1,<NA>
8,7,3,179,3,1,<NA>
8,7,4,206,3,3,<NA>
8,7,5,213,2,1,<NA>
8,8,1,136,3,1,<NA>
8,8,2,181,3,1,<NA>
8,8,3,137,3,1,<NA>
8,8,4,139,4,1,<NA>
8,8,5,182,3,1,<NA>
8,9,1,141,4,1,<NA>
8,9,2,183,3,1,<NA>
8,9,3,145,3,4,<NA>
8,9,4,214,4,4,<NA>
8,9,5,142,4,3,<NA>
8,10,1,185,4,2,<NA>
8,10,2,186,4,3,<NA>
8,10,3,146,4,1,<NA>
8,10,4,187,4,1,<NA>
8,10,5,208,3,2,<NA>
9,1,1,101,2,2,<NA>
9,1,2,215,4,3,<NA>
9,1,3,216,2,3,<NA>
9,1,4,217,4,1,links to documentation appear to be broken, which decreases the reliability somewhat (I was quite disappointed, some of those claims are intriguing!)
9,1,5,103,4,4,
9,2,1,151,3,1,appears to just be an advertisement for a book
9,2,2,152,1,1,couldn't bear to even listen to it for long
9,2,3,189,2,1,appears to just be an advertisement for a theater play
9,2,4,106,1,4,discusses a fictional book
9,2,5,109,4,2,gave it an extra point for credibility because it actively calls them "conspiracy theories" and is clearly just people's opinion
9,3,1,112,3,2,<NA>
9,3,2,111,1,3,<NA>
9,3,3,168,2,3,<NA>
9,3,4,113,2,3,<NA>
9,3,5,169,2,3,<NA>
9,4,1,116,4,2,<NA>
9,4,2,117,4,4,<NA>
9,4,3,118,4,1,<NA>
9,4,4,218,2,2,<NA>
9,4,5,155,3,2,<NA>
9,5,1,123,4,3,<NA>
9,5,2,123,4,4,<NA>
9,5,3,173,4,4,<NA>
9,5,4,219,2,2,<NA>
9,5,5,192,4,4,<NA>
9,6,1,126,4,2,<NA>
9,6,2,127,3,1,<NA>
9,6,3,128,4,1,Alas, 1 is the lowest I can give.  I would very much like to give this a deeply negative score for lines such as "Prior to the vaccine era, mothers were naturally immune to measles and passed on that immunity to their infants via placenta and breast milk."
9,6,4,130,4,1,<NA>
9,6,5,175,4,3,<NA>
9,7,1,199,1,4,<NA>
9,7,2,132,3,2,<NA>
9,7,3,158,2,4,<NA>
9,7,4,178,3,1,<NA>
9,7,5,131,4,4,<NA>
9,8,1,159,3,1,<NA>
9,8,2,220,3,1,This is comedy, so deliberately not credible!
9,8,3,136,4,1,<NA>
9,8,4,138,4,1,I was actually going to give this a 2, but the whole "they let gays into the army, so now they can't defend themselves" line of argument cost points! (Amusing conspiracy theory, though.)
9,8,5,137,4,2,<NA>
9,9,1,221,4,3,<NA>
9,9,2,183,4,3,I think it's lying propaganda, but it's actually written in a pretty convincing way and backed up with articles and everything (even if most of them are to the same book).
9,9,3,142,4,3,<NA>
9,9,4,162,2,4,<NA>
9,9,5,145,3,4,<NA>
9,10,1,146,3,1,I might have given this one a 2 for credibility if it weren't for the list with links at the top. :P
9,10,2,147,1,4,<NA>
9,10,3,148,1,4,<NA>
9,10,4,149,2,3,<NA>
9,10,5,164,1,3,<NA>
10,1,1,102,4,3,<NA>
10,1,2,101,4,3,<NA>
10,1,3,165,4,2,<NA>
10,1,4,222,4,4,<NA>
10,1,5,223,1,2,<NA>
10,2,1,106,3,3,<NA>
10,2,2,108,4,1,<NA>
10,2,3,167,4,1,<NA>
10,2,4,109,4,1,<NA>
10,2,5,110,2,2,<NA>
10,3,1,112,4,1,<NA>
10,3,2,111,3,1,<NA>
10,3,3,169,3,3,<NA>
10,3,4,170,3,3,<NA>
10,3,5,115,3,1,<NA>
10,4,1,116,4,1,<NA>
10,4,2,117,4,3,<NA>
10,4,3,171,4,1,<NA>
10,4,4,120,4,2,<NA>
10,4,5,224,4,2,<NA>
10,5,1,121,4,3,<NA>
10,5,2,122,4,2,<NA>
10,5,3,123,4,2,<NA>
10,5,4,174,4,2,<NA>
10,5,5,173,4,3,<NA>
10,6,1,127,4,2,<NA>
10,6,2,175,2,4,<NA>
10,6,3,176,4,3,<NA>
10,6,4,128,4,1,<NA>
10,6,5,177,3,2,<NA>
10,7,1,178,4,2,<NA>
10,7,2,131,4,2,<NA>
10,7,3,179,4,2,<NA>
10,7,4,180,3,2,<NA>
10,7,5,206,4,3,<NA>
10,8,1,136,4,1,<NA>
10,8,2,181,3,1,<NA>
10,8,3,137,4,1,<NA>
10,8,4,139,4,1,<NA>
10,8,5,182,2,1,<NA>
10,9,1,141,4,3,<NA>
10,9,2,183,4,2,<NA>
10,9,3,145,3,3,<NA>
10,9,4,225,3,2,<NA>
10,9,5,142,3,2,<NA>
10,10,1,185,4,2,<NA>
10,10,2,186,4,2,<NA>
10,10,3,146,4,1,<NA>
10,10,4,208,3,1,<NA>
10,10,5,187,4,1,<NA>